33333333333333333333333333333333333333333333333333333333333333333333333333333332
33333333333333333333333333333333333333333333333333333333333333333333333333333332
33333333333333333333333333333333333333333333333333333333333333333333333333333332
33333333333333333333333333333333333333333333333333333333333333333333333333333332
33333333333333333333333333333333333333333333333333333333333333333333333333333332
33333333333333333333333333333333333333333333333333333333333333333333333333333332
33333333333333333333333333333333333333333333333333333333333333333333333333333332
33333333333333333333333333333333333333333333333333333333333333333333333333333332
33333333333333333333333333333333333333333333333333333333333333333333333333333332
33333333333333333333333333333333333333333333333333333333333333333333333333333332
33333333333333333333333333333333333333333333333333333333333333333333333333333332
33333333333333333333333333333333333333333333333333333333333333333333333333333332
33333333333333333333333333333333333333333333333333333333333333333333333333333332
33333333333333333333333333333333333333333333333333333333333333333333333333333332
33333333333333333333333333333333333333333333333333333333333333333333333333333332
33333333333333333333333333333333333333333333333333333333333333333333333333333332
33333333333333333333333333333333333333333333333333333333333333333333333333333332
33333333333333333333333333333333333333333333333333333333333333333333333333333332
33333333333333333333333333333333333333333333333333333333333333333333333333333332
33333333333333333333333333333333333333333333333333333333333333333333333333333332
33333333333333333333333333333333333333333333333333333333333333333333333333333332
33333333333333333333333333333333333333333333333333333333333333333333333333333332
33333333333333333333333333333333333333333333333333333333333333333333333333333332
33333333333333333333333333333333333333333333333333333333333333333333333333333332
33333333333333333333333333333333333333333333333333333333333333333333333333333332
33333333333333333333333333333333333333333333333333333333333333333333333333333332
33333333333333333333333333333333333333333333333333333333333333333333333333333332
33333333333333333333333333333333333333333333333333333333333333333333333333333332
33333333333333333333333333333333333333333333333333333333333333333333333333333332
33333333333333333333333333333333333333333333333333333333333333333333333333333332
33333333333333333333333333333333333333333333333333333333333333333333333333333332
33333333333333333333333333333333333333333333333333333333333333333333333333333332
33333333333333333333333333333333333333333333333333333333333333333333333333333332
33333333333333333333333333333333333333333333333333333333333333333333333333333332
33333333333333333333333333333333333333333333333333333333333333333333333333333332
33333333333333333333333333333333333333333333333333333333333333333333333333333332
33333333333333333333333333333333333333333333333333333333333333333333333333333332
33333333333333333333333333333333333333333333333333333333333333333333333333333332
33333333333333333333333333333333333333333333333333333333333333333333333333333332
33333333333333333333333333333333333333333333333333333333333333333333333333333332
33333333333333333333333333333333333333333333333333333333333333333333333333333332
33333333333333333333333333333333333333333333333333333333333333333333333333333332
33333333333333333333333333333333333333333333333333333333333333333333333333333332
33333333333333333333333333333333333333333333333333333333333333333333333333333332
33333333333333333333333333333333333333333333333333333333333333333333333333333332
33333333333333333333333333333333333333333333333333333333333333333333333333333332
33333333333333333333333333333333333333333333333333333333333333333333333333333332
33333333333333333333333333333333333333333333333333333333333333333333333333333332
33333333333333333333333333333333333333333333333333333333333333333333333333333332
33333333333333333333333333333333333333333333333333333333333333333333333333333332
33333333333333333333333333333333333333333333333333333333333333333333333333333332
33333333333333333333333333333333333333333333333333333333333333333333333333333332
33333333333333333333333333333333333333333333333333333333333333333333333333333332
33333333333333333333333333333333333333333333333333333333333333333333333333333332
33333333333333333333333333333333333333333333333333333333333333333333333333333332
33333333333333333333333333333333333333333333333333333333333333333333333333333332
33333333333333333333333333333333333333333333333333333333333333333333333333333332
33333333333333333333333333333333333333333333333333333333333333333333333333333332
33333333333333333333333333333333333333333333333333333333333333333333333333333332
33333333333333333333333333333333333333333333333333333333333333333333333333333332
33333333333333333333333333333333333333333333333333333333333333333333333333333332
33333333333333333333333333333333333333333333333333333333333333333333333333333332
33333333333333333333333333333333333333333333333333333333333333333333333333333332
33333333333333333333333333333333333333333333333333333333333333333333333333333332
33333333333333333333333333333333333333333333333333333333333333333333333333333332
33333333333333333333333333333333333333333333333333333333333333333333333333333332
33333333333333333333333333333333333333333333333333333333333333333333333333333332
33333333333333333333333333333333333333333333333333333333333333333333333333333332
33333333333333333333333333333333333333333333333333333333333333333333333333333332
33333333333333333333333333333333333333333333333333333333333333333333333333333332
33333333333333333333333333333333333333333333333333333333333333333333333333333332
33333333333333333333333333333333333333333333333333333333333333333333333333333332
33333333333333333333333333333333333333333333333333333333333333333333333333333332
33333333333333333333333333333333333333333333333333333333333333333333333333333332
33333333333333333333333333333333333333333333333333333333333333333333333333333332
33333333333333333333333333333333333333333333333333333333333333333333333333333332
33333333333333333333333333333333333333333333333333333333333333333333333333333332
33333333333333333333333333333333333333333333333333333333333333333333333333333332
33333333333333333333333333333333333333333333333333333333333333333333333333333332
11111111111111111111111111111111111111111111111111111111111111111111111111111110