31111111111111111111111111111111111111111111111111111111111111111111111111111110
31111111111111111111111111111111111111111111111111111111111111111111111111111110
31111111111111111111111111111111111111111111111111111111111111111111111111111110
31111111111111111111111111111111111111111111111111111111111111111111111111111110
31111111111111111111111111111111111111111111111111111111111111111111111111111110
31111111111111111111111111111111111111111111111111111111111111111111111111111110
31111111111111111111111111111111111111111111111111111111111111111111111111111110
31111111111111111111111111111111111111111111111111111111111111111111111111111110
31111111111111111111111111111111111111111111111111111111111111111111111111111110
31111111111111111111111111111111111111111111111111111111111111111111111111111110
31111111111111111111111111111111111111111111111111111111111111111111111111111110
31111111111111111111111111111111111111111111111111111111111111111111111111111110
31111111111111111111111111111111111111111111111111111111111111111111111111111110
31111111111111111111111111111111111111111111111111111111111111111111111111111110
31111111111111111111111111111111111111111111111111111111111111111111111111111110
31111111111111111111111111111111111111111111111111111111111111111111111111111110
31111111111111111111111111111111111111111111111111111111111111111111111111111110
31111111111111111111111111111111111111111111111111111111111111111111111111111110
31111111111111111111111111111111111111111111111111111111111111111111111111111110
31111111111111111111111111111111111111111111111111111111111111111111111111111110
31111111111111111111111111111111111111111111111111111111111111111111111111111110
31111111111111111111111111111111111111111111111111111111111111111111111111111110
31111111111111111111111111111111111111111111111111111111111111111111111111111110
31111111111111111111111111111111111111111111111111111111111111111111111111111110
31111111111111111111111111111111111111111111111111111111111111111111111111111110
31111111111111111111111111111111111111111111111111111111111111111111111111111110
31111111111111111111111111111111111111111111111111111111111111111111111111111110
31111111111111111111111111111111111111111111111111111111111111111111111111111110
31111111111111111111111111111111111111111111111111111111111111111111111111111110
31111111111111111111111111111111111111111111111111111111111111111111111111111110
31111111111111111111111111111111111111111111111111111111111111111111111111111110
31111111111111111111111111111111111111111111111111111111111111111111111111111110
31111111111111111111111111111111111111111111111111111111111111111111111111111110
31111111111111111111111111111111111111111111111111111111111111111111111111111110
31111111111111111111111111111111111111111111111111111111111111111111111111111110
31111111111111111111111111111111111111111111111111111111111111111111111111111110
31111111111111111111111111111111111111111111111111111111111111111111111111111110
31111111111111111111111111111111111111111111111111111111111111111111111111111110
31111111111111111111111111111111111111111111111111111111111111111111111111111110
31111111111111111111111111111111111111111111111111111111111111111111111111111110
31111111111111111111111111111111111111111111111111111111111111111111111111111110
31111111111111111111111111111111111111111111111111111111111111111111111111111110
31111111111111111111111111111111111111111111111111111111111111111111111111111110
31111111111111111111111111111111111111111111111111111111111111111111111111111110
31111111111111111111111111111111111111111111111111111111111111111111111111111110
31111111111111111111111111111111111111111111111111111111111111111111111111111110
31111111111111111111111111111111111111111111111111111111111111111111111111111110
31111111111111111111111111111111111111111111111111111111111111111111111111111110
31111111111111111111111111111111111111111111111111111111111111111111111111111110
31111111111111111111111111111111111111111111111111111111111111111111111111111110
31111111111111111111111111111111111111111111111111111111111111111111111111111110
31111111111111111111111111111111111111111111111111111111111111111111111111111110
31111111111111111111111111111111111111111111111111111111111111111111111111111110
31111111111111111111111111111111111111111111111111111111111111111111111111111110
31111111111111111111111111111111111111111111111111111111111111111111111111111110
31111111111111111111111111111111111111111111111111111111111111111111111111111110
31111111111111111111111111111111111111111111111111111111111111111111111111111110
31111111111111111111111111111111111111111111111111111111111111111111111111111110
31111111111111111111111111111111111111111111111111111111111111111111111111111110
31111111111111111111111111111111111111111111111111111111111111111111111111111110
31111111111111111111111111111111111111111111111111111111111111111111111111111110
31111111111111111111111111111111111111111111111111111111111111111111111111111110
31111111111111111111111111111111111111111111111111111111111111111111111111111110
31111111111111111111111111111111111111111111111111111111111111111111111111111110
31111111111111111111111111111111111111111111111111111111111111111111111111111110
31111111111111111111111111111111111111111111111111111111111111111111111111111110
31111111111111111111111111111111111111111111111111111111111111111111111111111110
31111111111111111111111111111111111111111111111111111111111111111111111111111110
31111111111111111111111111111111111111111111111111111111111111111111111111111110
31111111111111111111111111111111111111111111111111111111111111111111111111111110
31111111111111111111111111111111111111111111111111111111111111111111111111111110
31111111111111111111111111111111111111111111111111111111111111111111111111111110
31111111111111111111111111111111111111111111111111111111111111111111111111111110
31111111111111111111111111111111111111111111111111111111111111111111111111111110
31111111111111111111111111111111111111111111111111111111111111111111111111111110
31111111111111111111111111111111111111111111111111111111111111111111111111111110
31111111111111111111111111111111111111111111111111111111111111111111111111111110
31111111111111111111111111111111111111111111111111111111111111111111111111111110
31111111111111111111111111111111111111111111111111111111111111111111111111111110
11111111111111111111111111111111111111111111111111111111111111111111111111111110